N = 10; %3
Di = 1; %9
% b = [10, 6, 8]; % 100, 60, 80
b = [18.98952292109946, 18.99124454495214, 18.99011802457999, 18.99156386638175, 18.99143461255082, 18.99151709817626, 18.99134503812708, 18.99150902616121, 18.99155296534108, 18.9914281306548];
% c = [0.15026938, 6.65656288, 3.07828672];
c = [40.18170663576181, 40.18170663576181, 40.18170663576181, 40.18170663576181, 40.18170663576181, 40.18170663576181, 40.18170663576181, 40.18170663576181, 0.7462892682360951, 40.18170663576181];
battery = 19;
time_slot_val = 0.000036111;